(28.0,[23.0,0.0])
(38.0,[2.0,99.0])
(5.0,[42.0,72.0])
(27.0,[75.0,25.0])
(25.0,[83.0,23.0])
(8.0,[30.0,73.0])
(32.0,[61.0,48.0])
(22.0,[36.0,46.0])
(1.0,[35.0,34.0])
(5.0,[39.0,63.0])
(0.0,[77.0,65.0])
(23.0,[51.0,55.0])
(35.0,[38.0,62.0])
(2.0,[99.0,93.0])
(5.0,[47.0,69.0])
(14.0,[0.0,22.0])
(3.0,[42.0,1.0])
(9.0,[37.0,84.0])
(15.0,[87.0,99.0])
(3.0,[45.0,12.0])
(37.0,[0.0,38.0])
(14.0,[6.0,32.0])
(8.0,[35.0,70.0])
(9.0,[41.0,74.0])
(28.0,[27.0,0.0])
(18.0,[96.0,70.0])
(36.0,[1.0,0.0])
(32.0,[54.0,48.0])
(6.0,[51.0,36.0])
(36.0,[1.0,0.0])
(4.0,[49.0,22.0])
(28.0,[28.0,2.0])
(4.0,[43.0,19.0])
(31.0,[13.0,82.0])
(13.0,[99.0,28.0])
(23.0,[44.0,53.0])
(32.0,[60.0,48.0])
(10.0,[81.0,32.0])
(30.0,[80.0,58.0])
(25.0,[88.0,14.0])
(25.0,[86.0,13.0])
(21.0,[58.0,30.0])
(34.0,[49.0,98.0])
(5.0,[45.0,68.0])
(5.0,[42.0,67.0])
(13.0,[99.0,37.0])
(25.0,[88.0,9.0])
(1.0,[21.0,27.0])
(28.0,[32.0,1.0])
(16.0,[98.0,0.0])
(1.0,[35.0,22.0])
(6.0,[45.0,39.0])
(2.0,[95.0,82.0])
(38.0,[0.0,91.0])
(9.0,[47.0,87.0])
(17.0,[18.0,64.0])
(11.0,[71.0,6.0])
(26.0,[13.0,13.0])
(1.0,[22.0,31.0])
(30.0,[81.0,54.0])
(3.0,[42.0,11.0])
(30.0,[65.0,62.0])
(5.0,[44.0,67.0])
(38.0,[8.0,99.0])
(29.0,[85.0,4.0])
(5.0,[44.0,71.0])
(0.0,[81.0,65.0])
(4.0,[50.0,16.0])
(10.0,[89.0,39.0])
(16.0,[99.0,0.0])
(37.0,[12.0,32.0])
(33.0,[23.0,12.0])
(19.0,[13.0,52.0])
(11.0,[72.0,6.0])
(37.0,[4.0,35.0])
(14.0,[0.0,17.0])
(4.0,[56.0,24.0])
(27.0,[63.0,21.0])
(0.0,[83.0,70.0])
(39.0,[69.0,78.0])
(37.0,[14.0,47.0])
(26.0,[15.0,12.0])
(37.0,[2.0,38.0])
(15.0,[74.0,82.0])
(10.0,[79.0,32.0])
(30.0,[74.0,56.0])
(21.0,[61.0,43.0])
(5.0,[43.0,65.0])
(32.0,[56.0,62.0])
(3.0,[52.0,8.0])
(35.0,[32.0,62.0])
(15.0,[86.0,94.0])
(11.0,[69.0,0.0])
(10.0,[85.0,39.0])
(36.0,[0.0,0.0])
(14.0,[9.0,31.0])
(31.0,[20.0,71.0])
(6.0,[52.0,31.0])
(22.0,[22.0,48.0])
(5.0,[44.0,73.0])
(38.0,[5.0,99.0])
(16.0,[99.0,10.0])
(16.0,[99.0,8.0])
(18.0,[91.0,57.0])
(18.0,[99.0,44.0])
(6.0,[42.0,40.0])
(35.0,[33.0,56.0])
(23.0,[40.0,45.0])
(11.0,[70.0,7.0])
(23.0,[42.0,54.0])
(16.0,[99.0,0.0])
(19.0,[0.0,54.0])
(34.0,[50.0,99.0])
(29.0,[82.0,0.0])
(37.0,[15.0,38.0])
(16.0,[99.0,1.0])
(6.0,[46.0,41.0])
(5.0,[46.0,70.0])
(37.0,[0.0,42.0])
(9.0,[36.0,81.0])
(33.0,[22.0,17.0])
(6.0,[39.0,38.0])
(18.0,[89.0,56.0])
(21.0,[66.0,39.0])
(9.0,[37.0,79.0])
(7.0,[9.0,81.0])
(9.0,[38.0,79.0])
(18.0,[99.0,70.0])
(30.0,[79.0,54.0])
(10.0,[79.0,35.0])
(14.0,[0.0,26.0])
(32.0,[67.0,48.0])
(27.0,[76.0,20.0])
(16.0,[90.0,0.0])
(35.0,[39.0,54.0])
(13.0,[96.0,30.0])
(16.0,[99.0,14.0])
(2.0,[99.0,86.0])
(37.0,[12.0,40.0])
(22.0,[22.0,46.0])
(0.0,[73.0,74.0])
(26.0,[10.0,11.0])
(38.0,[0.0,99.0])
(35.0,[24.0,53.0])
(13.0,[99.0,36.0])
(22.0,[31.0,37.0])
(16.0,[94.0,0.0])
(1.0,[22.0,29.0])
(20.0,[15.0,95.0])
(23.0,[50.0,56.0])
(23.0,[50.0,51.0])
(21.0,[59.0,39.0])
(23.0,[49.0,57.0])
(18.0,[95.0,56.0])
(39.0,[59.0,65.0])
(39.0,[61.0,77.0])
(32.0,[63.0,61.0])
(24.0,[63.0,84.0])
(17.0,[12.0,63.0])
(28.0,[40.0,0.0])
(0.0,[72.0,75.0])
(2.0,[99.0,88.0])
(3.0,[54.0,0.0])
(32.0,[60.0,45.0])
(37.0,[0.0,44.0])
(3.0,[45.0,5.0])
(24.0,[63.0,84.0])
(9.0,[39.0,77.0])
(23.0,[45.0,48.0])
(20.0,[12.0,98.0])
(32.0,[58.0,47.0])
(18.0,[95.0,56.0])
(37.0,[8.0,39.0])
(6.0,[46.0,36.0])
(9.0,[35.0,78.0])
(30.0,[78.0,60.0])
(39.0,[61.0,77.0])
(16.0,[96.0,15.0])
(4.0,[52.0,16.0])
(33.0,[28.0,12.0])
(28.0,[35.0,6.0])
(26.0,[19.0,21.0])
(10.0,[88.0,37.0])
(29.0,[83.0,6.0])
(11.0,[60.0,6.0])
(23.0,[50.0,58.0])
(0.0,[85.0,71.0])
(33.0,[26.0,16.0])
(33.0,[24.0,12.0])
(35.0,[33.0,56.0])
(31.0,[26.0,77.0])
(23.0,[43.0,52.0])
(18.0,[99.0,62.0])
(4.0,[51.0,24.0])
(27.0,[69.0,23.0])
(4.0,[52.0,17.0])
(23.0,[49.0,48.0])
(39.0,[65.0,69.0])
(16.0,[98.0,4.0])
(6.0,[51.0,39.0])
(15.0,[72.0,99.0])
(8.0,[28.0,65.0])
(0.0,[91.0,70.0])
(21.0,[69.0,39.0])
(13.0,[92.0,31.0])
(2.0,[99.0,84.0])
(39.0,[59.0,76.0])
(3.0,[47.0,7.0])
(26.0,[18.0,18.0])
(13.0,[99.0,27.0])
(27.0,[69.0,19.0])
(23.0,[41.0,59.0])
(19.0,[0.0,47.0])
(25.0,[82.0,23.0])
(39.0,[59.0,77.0])
(9.0,[34.0,80.0])
(11.0,[65.0,0.0])
(18.0,[91.0,52.0])
(35.0,[28.0,54.0])
(23.0,[49.0,59.0])
(36.0,[0.0,0.0])
(14.0,[13.0,28.0])
(21.0,[70.0,44.0])
(3.0,[54.0,11.0])
(35.0,[27.0,59.0])
(32.0,[58.0,43.0])
(39.0,[65.0,71.0])
(18.0,[99.0,61.0])
(22.0,[26.0,38.0])
(29.0,[82.0,4.0])
(3.0,[50.0,4.0])
(2.0,[87.0,83.0])
(31.0,[20.0,74.0])
(37.0,[0.0,46.0])
(28.0,[36.0,0.0])
(28.0,[36.0,0.0])
(16.0,[92.0,8.0])
(3.0,[45.0,0.0])
(35.0,[31.0,50.0])
(24.0,[58.0,92.0])
(23.0,[48.0,53.0])
(37.0,[18.0,48.0])
(21.0,[71.0,43.0])
(31.0,[23.0,75.0])
(8.0,[37.0,70.0])
(4.0,[58.0,22.0])
(32.0,[66.0,49.0])
(21.0,[72.0,40.0])
(23.0,[48.0,60.0])
(30.0,[73.0,65.0])
(21.0,[65.0,33.0])
(2.0,[95.0,78.0])
(37.0,[8.0,36.0])
(16.0,[96.0,3.0])
(23.0,[42.0,50.0])
(5.0,[47.0,71.0])
(5.0,[43.0,69.0])
(25.0,[84.0,26.0])
(7.0,[0.0,69.0])
(19.0,[0.0,59.0])
(10.0,[75.0,32.0])
(2.0,[94.0,76.0])
(39.0,[57.0,73.0])
(8.0,[27.0,71.0])
(28.0,[34.0,12.0])
(18.0,[94.0,68.0])
(24.0,[52.0,85.0])
(9.0,[32.0,78.0])
(35.0,[40.0,59.0])
(20.0,[18.0,90.0])
(1.0,[21.0,22.0])
(23.0,[51.0,51.0])
(22.0,[31.0,36.0])
(4.0,[51.0,26.0])
(2.0,[95.0,99.0])
(5.0,[43.0,66.0])
(22.0,[36.0,36.0])
(24.0,[60.0,89.0])
(39.0,[67.0,77.0])
(15.0,[84.0,99.0])
(9.0,[34.0,85.0])
(2.0,[88.0,80.0])
(8.0,[33.0,74.0])
(22.0,[33.0,45.0])
(27.0,[75.0,22.0])
(29.0,[88.0,0.0])
(7.0,[1.0,76.0])
(38.0,[2.0,97.0])
(8.0,[37.0,70.0])
(30.0,[81.0,48.0])
(5.0,[40.0,62.0])
(26.0,[15.0,26.0])
(2.0,[97.0,99.0])
(3.0,[44.0,2.0])
(33.0,[22.0,5.0])
(31.0,[22.0,71.0])
(2.0,[93.0,99.0])
(26.0,[7.0,14.0])
(20.0,[12.0,95.0])
(18.0,[94.0,57.0])
(0.0,[85.0,64.0])
(15.0,[71.0,85.0])
(26.0,[9.0,22.0])
(2.0,[99.0,90.0])
(0.0,[90.0,74.0])
(9.0,[33.0,80.0])
(27.0,[76.0,22.0])
(37.0,[18.0,38.0])
(32.0,[64.0,50.0])
(5.0,[42.0,64.0])
(39.0,[54.0,81.0])
(35.0,[33.0,57.0])
(6.0,[51.0,30.0])
(4.0,[50.0,16.0])
(9.0,[38.0,82.0])
(5.0,[44.0,61.0])
(30.0,[75.0,46.0])
(37.0,[7.0,33.0])
(5.0,[44.0,66.0])
(0.0,[84.0,67.0])
(22.0,[27.0,39.0])
(9.0,[37.0,78.0])
(37.0,[7.0,38.0])
(6.0,[45.0,35.0])
(28.0,[37.0,0.0])
(9.0,[34.0,85.0])
(31.0,[13.0,82.0])
(13.0,[99.0,38.0])
(0.0,[74.0,78.0])
(27.0,[61.0,16.0])
(22.0,[34.0,48.0])
(18.0,[99.0,44.0])
(19.0,[7.0,53.0])
(29.0,[75.0,2.0])
(19.0,[8.0,57.0])
(22.0,[29.0,40.0])
(32.0,[59.0,47.0])
(8.0,[37.0,64.0])
(18.0,[99.0,56.0])
(11.0,[63.0,12.0])
(25.0,[86.0,22.0])
(19.0,[11.0,61.0])
(38.0,[0.0,99.0])
(30.0,[69.0,56.0])
(23.0,[39.0,52.0])
(23.0,[45.0,55.0])
(15.0,[77.0,86.0])
(34.0,[45.0,93.0])
(27.0,[65.0,25.0])
(0.0,[72.0,78.0])
(38.0,[5.0,90.0])
(14.0,[0.0,26.0])
(4.0,[47.0,26.0])
(24.0,[63.0,85.0])
(39.0,[65.0,73.0])
(0.0,[71.0,68.0])
(6.0,[40.0,41.0])
(28.0,[30.0,0.0])
(9.0,[47.0,80.0])
(34.0,[34.0,95.0])
(10.0,[79.0,42.0])
(12.0,[13.0,6.0])
(17.0,[24.0,67.0])
(7.0,[0.0,76.0])
(9.0,[37.0,85.0])
(6.0,[53.0,44.0])
(28.0,[36.0,0.0])
(4.0,[52.0,17.0])
(33.0,[26.0,7.0])
(0.0,[92.0,74.0])
(7.0,[7.0,74.0])
(8.0,[29.0,75.0])
(15.0,[76.0,99.0])
(36.0,[6.0,0.0])
(5.0,[54.0,63.0])
(22.0,[24.0,44.0])
(6.0,[44.0,42.0])
(5.0,[45.0,67.0])
(10.0,[80.0,38.0])
(15.0,[78.0,99.0])
(5.0,[40.0,62.0])
(22.0,[33.0,37.0])
(20.0,[16.0,86.0])
(33.0,[22.0,13.0])
(1.0,[35.0,22.0])
(14.0,[0.0,33.0])
(1.0,[28.0,34.0])
(0.0,[78.0,74.0])
(31.0,[17.0,84.0])
(37.0,[13.0,46.0])
(4.0,[56.0,26.0])
(35.0,[34.0,57.0])
(12.0,[20.0,0.0])
(10.0,[80.0,39.0])
(36.0,[6.0,0.0])
(15.0,[76.0,85.0])
(9.0,[49.0,82.0])
(35.0,[28.0,51.0])
(38.0,[6.0,99.0])
(14.0,[0.0,28.0])
(17.0,[17.0,53.0])
(21.0,[66.0,34.0])
(4.0,[54.0,14.0])
(36.0,[1.0,3.0])
(32.0,[56.0,55.0])
(20.0,[13.0,86.0])
(32.0,[57.0,48.0])
(0.0,[73.0,68.0])
(39.0,[70.0,68.0])
(22.0,[24.0,49.0])
(13.0,[99.0,27.0])
(39.0,[66.0,70.0])
(22.0,[32.0,42.0])
(17.0,[25.0,69.0])
(31.0,[26.0,83.0])
(11.0,[71.0,0.0])
(14.0,[9.0,26.0])
(15.0,[74.0,85.0])
(25.0,[86.0,19.0])
(38.0,[0.0,97.0])
(25.0,[89.0,17.0])
(6.0,[53.0,39.0])
(38.0,[11.0,97.0])
(24.0,[53.0,99.0])
(5.0,[44.0,69.0])
(12.0,[8.0,6.0])
(2.0,[97.0,99.0])
(27.0,[73.0,24.0])
(35.0,[31.0,60.0])
(12.0,[7.0,2.0])
(23.0,[46.0,50.0])
(9.0,[39.0,77.0])
(5.0,[48.0,62.0])
(11.0,[72.0,9.0])
(39.0,[58.0,75.0])
(8.0,[32.0,68.0])
(23.0,[44.0,54.0])
(25.0,[90.0,17.0])
(26.0,[16.0,15.0])
(18.0,[94.0,66.0])
(35.0,[34.0,50.0])
(28.0,[35.0,10.0])
(9.0,[34.0,76.0])
(39.0,[51.0,78.0])
(33.0,[26.0,11.0])
(22.0,[28.0,47.0])
(5.0,[45.0,69.0])
(18.0,[91.0,61.0])
(7.0,[6.0,68.0])
(21.0,[63.0,35.0])
(9.0,[39.0,74.0])
(0.0,[80.0,65.0])
(16.0,[90.0,0.0])
(20.0,[17.0,96.0])
(5.0,[49.0,61.0])
(11.0,[68.0,12.0])
(27.0,[68.0,26.0])
(22.0,[31.0,41.0])
(5.0,[45.0,69.0])
(18.0,[99.0,56.0])
(7.0,[1.0,78.0])
(16.0,[99.0,6.0])
(25.0,[87.0,16.0])
(29.0,[77.0,0.0])
(2.0,[99.0,82.0])
(26.0,[9.0,19.0])
(5.0,[45.0,69.0])
(18.0,[90.0,57.0])
(7.0,[5.0,81.0])
(10.0,[76.0,41.0])
(15.0,[78.0,90.0])
(5.0,[43.0,67.0])
(0.0,[88.0,68.0])
(2.0,[99.0,87.0])
(0.0,[84.0,81.0])
(30.0,[72.0,56.0])
(34.0,[34.0,95.0])
(37.0,[18.0,41.0])
(19.0,[11.0,54.0])
(2.0,[98.0,79.0])
(19.0,[0.0,66.0])
(13.0,[92.0,23.0])
(22.0,[34.0,45.0])
(29.0,[73.0,0.0])
(13.0,[88.0,28.0])
(10.0,[76.0,42.0])
(34.0,[35.0,92.0])
(25.0,[84.0,26.0])
(9.0,[39.0,78.0])
(22.0,[30.0,41.0])
(20.0,[11.0,86.0])
(32.0,[61.0,45.0])
(39.0,[60.0,77.0])
(14.0,[0.0,21.0])
(39.0,[63.0,79.0])
(37.0,[3.0,41.0])
(5.0,[46.0,67.0])
(25.0,[77.0,14.0])
(27.0,[64.0,27.0])
(16.0,[99.0,5.0])
(14.0,[0.0,32.0])
(3.0,[44.0,5.0])
(26.0,[17.0,18.0])
(21.0,[63.0,32.0])
(5.0,[42.0,67.0])
(39.0,[55.0,68.0])
(28.0,[22.0,0.0])
(18.0,[89.0,57.0])
(18.0,[99.0,62.0])
(2.0,[99.0,93.0])
(13.0,[91.0,27.0])
(20.0,[20.0,86.0])
(37.0,[5.0,42.0])
(11.0,[63.0,0.0])
(8.0,[36.0,70.0])
(5.0,[44.0,66.0])
(0.0,[85.0,79.0])
(7.0,[4.0,73.0])
(6.0,[55.0,42.0])
(23.0,[42.0,59.0])
(11.0,[72.0,0.0])
(29.0,[77.0,10.0])
(9.0,[38.0,79.0])
(24.0,[64.0,85.0])
(1.0,[34.0,21.0])
(39.0,[53.0,79.0])
(4.0,[52.0,13.0])
(37.0,[17.0,47.0])
(32.0,[55.0,43.0])
(38.0,[0.0,91.0])
(13.0,[89.0,29.0])
(19.0,[0.0,48.0])
(2.0,[91.0,99.0])
(35.0,[33.0,56.0])
(35.0,[34.0,60.0])
(38.0,[3.0,86.0])
(5.0,[43.0,65.0])
(21.0,[62.0,35.0])
(28.0,[39.0,8.0])
(23.0,[45.0,50.0])
(5.0,[51.0,66.0])
(2.0,[99.0,77.0])
(1.0,[27.0,33.0])
(2.0,[99.0,98.0])
(16.0,[99.0,11.0])
(2.0,[88.0,85.0])
(6.0,[52.0,45.0])
(15.0,[80.0,99.0])
(30.0,[74.0,59.0])
(15.0,[81.0,96.0])
(2.0,[99.0,82.0])
(23.0,[39.0,53.0])
(29.0,[77.0,12.0])
(5.0,[43.0,66.0])
(4.0,[52.0,17.0])
(39.0,[66.0,75.0])
(32.0,[64.0,45.0])
(23.0,[43.0,45.0])
(5.0,[45.0,69.0])
(16.0,[92.0,8.0])
(7.0,[2.0,74.0])
(9.0,[34.0,84.0])
(5.0,[47.0,67.0])
(13.0,[99.0,34.0])
(18.0,[99.0,54.0])
(11.0,[71.0,10.0])
(21.0,[62.0,36.0])
(20.0,[24.0,99.0])
(35.0,[39.0,62.0])
(39.0,[69.0,70.0])
(22.0,[30.0,47.0])
(13.0,[93.0,26.0])
(6.0,[47.0,36.0])
(30.0,[71.0,49.0])
(13.0,[99.0,25.0])
(15.0,[74.0,85.0])
(22.0,[33.0,36.0])
(18.0,[99.0,49.0])
(31.0,[24.0,81.0])
(7.0,[10.0,79.0])
(25.0,[82.0,15.0])
(15.0,[80.0,99.0])
(7.0,[0.0,83.0])
(38.0,[5.0,93.0])
(31.0,[20.0,76.0])
(2.0,[94.0,82.0])
(10.0,[92.0,40.0])
(2.0,[99.0,86.0])
(29.0,[80.0,3.0])
(33.0,[25.0,7.0])
(13.0,[99.0,31.0])
(7.0,[8.0,67.0])
(17.0,[24.0,67.0])
(12.0,[17.0,0.0])
(22.0,[35.0,36.0])
(16.0,[99.0,5.0])
(9.0,[33.0,76.0])
(30.0,[73.0,45.0])
(27.0,[61.0,23.0])
(16.0,[99.0,2.0])
(37.0,[0.0,36.0])
(18.0,[94.0,50.0])
(8.0,[28.0,68.0])
(28.0,[39.0,0.0])
(17.0,[24.0,66.0])
(25.0,[82.0,15.0])
(5.0,[47.0,63.0])
(34.0,[40.0,96.0])
(5.0,[46.0,67.0])
(37.0,[2.0,38.0])
(24.0,[64.0,85.0])
(39.0,[62.0,70.0])
(8.0,[34.0,70.0])
(8.0,[31.0,72.0])
(26.0,[14.0,19.0])
(33.0,[29.0,9.0])
(27.0,[63.0,22.0])
(0.0,[86.0,80.0])
(4.0,[52.0,21.0])
(3.0,[54.0,7.0])
(33.0,[22.0,9.0])
(15.0,[86.0,86.0])
(22.0,[30.0,40.0])
(5.0,[40.0,66.0])
(30.0,[72.0,65.0])
(4.0,[55.0,13.0])
(4.0,[55.0,12.0])
(14.0,[6.0,27.0])
(34.0,[33.0,99.0])
(27.0,[76.0,22.0])
(10.0,[77.0,30.0])
(2.0,[98.0,84.0])
(32.0,[53.0,47.0])
(19.0,[0.0,56.0])
(28.0,[31.0,4.0])
(26.0,[9.0,18.0])
(18.0,[95.0,46.0])
(28.0,[31.0,0.0])
(33.0,[22.0,6.0])
(13.0,[92.0,32.0])
(27.0,[71.0,30.0])
(39.0,[66.0,72.0])
(25.0,[76.0,14.0])
(22.0,[37.0,37.0])
(1.0,[37.0,26.0])
(1.0,[23.0,32.0])
(22.0,[22.0,45.0])
(19.0,[0.0,62.0])
(9.0,[42.0,79.0])
(9.0,[32.0,79.0])
(1.0,[28.0,30.0])
(30.0,[70.0,57.0])
(9.0,[40.0,74.0])
(35.0,[38.0,57.0])
(18.0,[91.0,52.0])
(37.0,[2.0,39.0])
(3.0,[42.0,6.0])
(19.0,[4.0,56.0])
(29.0,[86.0,8.0])
(9.0,[39.0,77.0])
(18.0,[95.0,66.0])
(17.0,[17.0,59.0])
(1.0,[35.0,32.0])
(21.0,[72.0,36.0])
(22.0,[28.0,48.0])
(27.0,[72.0,27.0])
(13.0,[99.0,29.0])
(7.0,[6.0,79.0])
(12.0,[15.0,7.0])
(37.0,[13.0,31.0])
(36.0,[0.0,0.0])
(12.0,[10.0,3.0])
(23.0,[42.0,51.0])
(6.0,[45.0,35.0])
(32.0,[64.0,48.0])
(16.0,[90.0,3.0])
(28.0,[28.0,0.0])
(38.0,[6.0,86.0])
(32.0,[54.0,55.0])
(6.0,[42.0,39.0])
(36.0,[0.0,0.0])
(32.0,[55.0,47.0])
(0.0,[90.0,71.0])
(13.0,[99.0,29.0])
(35.0,[38.0,57.0])
(17.0,[19.0,65.0])
(26.0,[9.0,18.0])
(9.0,[39.0,77.0])
(5.0,[47.0,65.0])
(33.0,[31.0,13.0])
(32.0,[54.0,48.0])
(14.0,[4.0,34.0])
(4.0,[50.0,14.0])
(22.0,[38.0,40.0])
(4.0,[55.0,16.0])
(23.0,[49.0,50.0])
(18.0,[99.0,49.0])
(39.0,[63.0,75.0])
(5.0,[45.0,69.0])
(38.0,[0.0,95.0])
(7.0,[0.0,83.0])
(5.0,[44.0,65.0])
(39.0,[57.0,71.0])
(16.0,[98.0,5.0])
(28.0,[23.0,0.0])
(28.0,[25.0,3.0])
(20.0,[20.0,93.0])
(12.0,[14.0,9.0])
(15.0,[75.0,99.0])
(9.0,[41.0,76.0])
(23.0,[41.0,59.0])
(39.0,[60.0,78.0])
(9.0,[37.0,80.0])
(14.0,[0.0,32.0])
(31.0,[23.0,80.0])
(28.0,[32.0,6.0])
(0.0,[75.0,76.0])
(14.0,[0.0,21.0])
(8.0,[35.0,70.0])
(39.0,[61.0,64.0])
(23.0,[40.0,56.0])
(19.0,[4.0,55.0])
(28.0,[29.0,6.0])
(13.0,[99.0,28.0])
(34.0,[40.0,99.0])
(5.0,[49.0,68.0])
(15.0,[73.0,81.0])
(24.0,[51.0,94.0])
(8.0,[30.0,69.0])
(36.0,[4.0,0.0])
(39.0,[61.0,79.0])
(28.0,[30.0,9.0])
(37.0,[10.0,41.0])
(27.0,[63.0,15.0])
(25.0,[83.0,16.0])
(3.0,[56.0,9.0])
(8.0,[35.0,72.0])
(6.0,[50.0,43.0])
(16.0,[89.0,5.0])
(21.0,[66.0,39.0])
(35.0,[35.0,61.0])
(6.0,[43.0,42.0])
(16.0,[98.0,0.0])
(17.0,[16.0,62.0])
(2.0,[95.0,72.0])
(31.0,[28.0,78.0])
(34.0,[37.0,99.0])
(33.0,[19.0,13.0])
(30.0,[78.0,54.0])
(28.0,[35.0,9.0])
(7.0,[0.0,70.0])
(18.0,[89.0,62.0])
(21.0,[64.0,40.0])
(38.0,[9.0,88.0])
(39.0,[57.0,76.0])
(3.0,[51.0,0.0])
(2.0,[94.0,99.0])
(11.0,[72.0,11.0])
(36.0,[6.0,0.0])
(30.0,[80.0,53.0])
(25.0,[89.0,16.0])
(2.0,[99.0,84.0])
(30.0,[71.0,60.0])
(30.0,[77.0,61.0])
(20.0,[17.0,88.0])
(0.0,[84.0,76.0])
(12.0,[13.0,8.0])
(32.0,[59.0,44.0])
(26.0,[15.0,26.0])
(25.0,[79.0,15.0])
(6.0,[51.0,46.0])
(6.0,[47.0,37.0])
(18.0,[92.0,49.0])
(8.0,[38.0,68.0])
(37.0,[5.0,37.0])
(7.0,[0.0,77.0])
(17.0,[15.0,70.0])
(11.0,[66.0,0.0])
(36.0,[0.0,2.0])
(0.0,[73.0,70.0])
(28.0,[38.0,5.0])
(5.0,[46.0,67.0])
(6.0,[44.0,33.0])
(5.0,[47.0,73.0])
(18.0,[89.0,56.0])
(11.0,[65.0,0.0])
(18.0,[99.0,52.0])
(25.0,[80.0,23.0])
(9.0,[37.0,82.0])
(2.0,[93.0,95.0])
(29.0,[77.0,0.0])
(3.0,[45.0,0.0])
(17.0,[19.0,61.0])
(12.0,[11.0,4.0])
(26.0,[8.0,12.0])
(22.0,[33.0,39.0])
(36.0,[1.0,3.0])
(34.0,[34.0,95.0])
(28.0,[23.0,0.0])
(30.0,[77.0,58.0])
(25.0,[83.0,12.0])
(24.0,[52.0,82.0])
(24.0,[61.0,95.0])
(23.0,[48.0,48.0])
(11.0,[65.0,0.0])
(34.0,[36.0,89.0])
(22.0,[28.0,40.0])
(15.0,[74.0,93.0])
(5.0,[39.0,66.0])
(21.0,[57.0,32.0])
(16.0,[90.0,0.0])
(36.0,[0.0,0.0])
(39.0,[60.0,79.0])
(31.0,[16.0,75.0])
(13.0,[99.0,27.0])
(8.0,[39.0,72.0])
(22.0,[20.0,49.0])
(5.0,[54.0,64.0])
(9.0,[31.0,87.0])
(1.0,[35.0,22.0])
(24.0,[56.0,99.0])
(29.0,[75.0,0.0])
(3.0,[46.0,4.0])
(23.0,[43.0,59.0])
(2.0,[88.0,79.0])
(9.0,[49.0,80.0])
(38.0,[10.0,99.0])
(32.0,[66.0,49.0])
(13.0,[91.0,29.0])
(14.0,[0.0,27.0])
(6.0,[44.0,43.0])
(22.0,[29.0,39.0])
(4.0,[48.0,16.0])
(30.0,[84.0,57.0])
(0.0,[78.0,70.0])
(12.0,[14.0,7.0])
(10.0,[77.0,40.0])
(30.0,[76.0,50.0])
(11.0,[70.0,0.0])
(19.0,[0.0,54.0])
(5.0,[46.0,69.0])
(13.0,[94.0,36.0])
(25.0,[88.0,21.0])
(4.0,[56.0,17.0])
(27.0,[61.0,23.0])
(28.0,[30.0,8.0])
(17.0,[22.0,70.0])
(14.0,[0.0,16.0])
(32.0,[65.0,57.0])
(15.0,[72.0,86.0])
(27.0,[64.0,20.0])
(10.0,[74.0,36.0])
(8.0,[32.0,69.0])
(28.0,[30.0,6.0])
(9.0,[39.0,73.0])
(16.0,[99.0,3.0])
(5.0,[42.0,61.0])
(8.0,[39.0,70.0])
(23.0,[45.0,49.0])
(10.0,[83.0,31.0])
(2.0,[99.0,73.0])
(36.0,[0.0,0.0])
(6.0,[45.0,42.0])
(33.0,[25.0,17.0])
(39.0,[54.0,74.0])
(13.0,[96.0,37.0])
(21.0,[68.0,37.0])
(20.0,[18.0,86.0])
(4.0,[52.0,15.0])
(31.0,[23.0,76.0])
(18.0,[99.0,45.0])
(7.0,[2.0,79.0])
(15.0,[85.0,83.0])
(7.0,[0.0,79.0])
(32.0,[54.0,48.0])
(9.0,[33.0,77.0])
(31.0,[15.0,81.0])
(2.0,[93.0,99.0])
(36.0,[0.0,0.0])
(28.0,[38.0,0.0])
(27.0,[69.0,21.0])
(5.0,[42.0,66.0])
(4.0,[54.0,26.0])
(10.0,[89.0,36.0])
(19.0,[0.0,65.0])
(19.0,[0.0,48.0])
(39.0,[60.0,72.0])
(39.0,[57.0,73.0])
(5.0,[45.0,68.0])
(33.0,[27.0,13.0])
(5.0,[48.0,76.0])
(31.0,[25.0,81.0])
(18.0,[98.0,51.0])
(22.0,[29.0,46.0])
(3.0,[56.0,0.0])
(30.0,[71.0,61.0])
(7.0,[0.0,69.0])
(15.0,[77.0,91.0])
(8.0,[33.0,74.0])
(39.0,[69.0,75.0])
(4.0,[52.0,14.0])
(26.0,[13.0,20.0])
(24.0,[64.0,87.0])
(30.0,[66.0,59.0])
(12.0,[9.0,3.0])
(19.0,[0.0,55.0])
(27.0,[67.0,28.0])
(11.0,[60.0,6.0])
(25.0,[87.0,18.0])
(39.0,[56.0,77.0])
(22.0,[28.0,36.0])
(28.0,[33.0,0.0])
(9.0,[44.0,86.0])
(6.0,[47.0,31.0])
(18.0,[90.0,47.0])
(27.0,[66.0,16.0])
(2.0,[89.0,79.0])
(7.0,[0.0,83.0])
(14.0,[2.0,31.0])
(5.0,[43.0,65.0])
(15.0,[78.0,90.0])
(24.0,[64.0,87.0])
(13.0,[95.0,35.0])
(9.0,[37.0,74.0])
(5.0,[44.0,68.0])
(31.0,[20.0,77.0])
(17.0,[19.0,65.0])
(22.0,[25.0,51.0])
(2.0,[89.0,80.0])
(29.0,[86.0,0.0])
(8.0,[36.0,65.0])
(4.0,[53.0,28.0])
(26.0,[18.0,20.0])
(3.0,[51.0,0.0])
(11.0,[68.0,13.0])
(26.0,[13.0,11.0])
(17.0,[22.0,63.0])
(18.0,[89.0,49.0])
(9.0,[35.0,87.0])
(10.0,[86.0,32.0])
(30.0,[81.0,48.0])
(20.0,[15.0,99.0])
(9.0,[39.0,76.0])
(2.0,[99.0,85.0])
(13.0,[93.0,24.0])
(2.0,[99.0,75.0])
(0.0,[83.0,78.0])
(6.0,[47.0,43.0])
(7.0,[11.0,71.0])
(5.0,[40.0,65.0])
(11.0,[71.0,0.0])
(22.0,[33.0,36.0])
(10.0,[74.0,30.0])
(22.0,[36.0,39.0])
(28.0,[32.0,0.0])
(14.0,[5.0,31.0])
(21.0,[64.0,31.0])
(36.0,[2.0,0.0])
(5.0,[46.0,67.0])
(20.0,[27.0,94.0])
(12.0,[8.0,1.0])
(24.0,[51.0,87.0])
(39.0,[53.0,77.0])
(34.0,[35.0,88.0])
(22.0,[22.0,41.0])
(6.0,[53.0,39.0])
(39.0,[64.0,82.0])
(24.0,[69.0,85.0])
(6.0,[40.0,35.0])
(27.0,[60.0,15.0])
(3.0,[58.0,7.0])
(2.0,[99.0,75.0])
(6.0,[54.0,33.0])
(22.0,[34.0,41.0])
(20.0,[15.0,99.0])
(26.0,[11.0,17.0])
(36.0,[0.0,0.0])
(36.0,[0.0,0.0])
(5.0,[41.0,62.0])
(2.0,[91.0,79.0])
(0.0,[78.0,74.0])
(23.0,[45.0,57.0])
(25.0,[87.0,18.0])
(20.0,[16.0,88.0])
(11.0,[72.0,11.0])
(13.0,[99.0,30.0])
(15.0,[74.0,82.0])
(13.0,[97.0,31.0])
(12.0,[10.0,4.0])
(31.0,[19.0,82.0])
(18.0,[94.0,47.0])
(22.0,[31.0,38.0])
(0.0,[73.0,72.0])
(18.0,[99.0,55.0])
(16.0,[99.0,0.0])
(36.0,[0.0,0.0])
(1.0,[23.0,33.0])
(6.0,[54.0,39.0])
(16.0,[99.0,3.0])
(24.0,[57.0,89.0])
(23.0,[44.0,59.0])
(6.0,[45.0,36.0])
(33.0,[19.0,9.0])
(3.0,[58.0,0.0])
(33.0,[22.0,16.0])
(22.0,[34.0,40.0])
(25.0,[79.0,20.0])
(27.0,[61.0,23.0])
(25.0,[88.0,23.0])
(27.0,[72.0,15.0])
(22.0,[37.0,47.0])
(10.0,[86.0,37.0])
(39.0,[64.0,74.0])
(29.0,[86.0,7.0])
(3.0,[46.0,2.0])
(20.0,[27.0,99.0])
(17.0,[24.0,66.0])
(16.0,[99.0,13.0])
(4.0,[45.0,26.0])
(6.0,[45.0,37.0])
(20.0,[26.0,88.0])
(19.0,[11.0,56.0])
(33.0,[24.0,8.0])
(19.0,[0.0,57.0])
(25.0,[78.0,13.0])
(10.0,[80.0,27.0])
(28.0,[34.0,0.0])
(22.0,[26.0,48.0])
(22.0,[34.0,41.0])
(25.0,[80.0,17.0])
(24.0,[65.0,98.0])
(33.0,[24.0,10.0])
(1.0,[19.0,35.0])
(35.0,[37.0,49.0])
(21.0,[62.0,30.0])
(9.0,[50.0,79.0])
(2.0,[99.0,87.0])
(39.0,[68.0,68.0])
(34.0,[42.0,98.0])
(6.0,[48.0,30.0])
(6.0,[50.0,43.0])
(22.0,[22.0,39.0])
(8.0,[25.0,70.0])
(22.0,[33.0,48.0])
(39.0,[62.0,81.0])
(16.0,[89.0,9.0])
(32.0,[59.0,54.0])
(32.0,[66.0,52.0])
(11.0,[69.0,10.0])
(33.0,[20.0,13.0])
(30.0,[82.0,60.0])
(28.0,[31.0,1.0])
(37.0,[0.0,43.0])
(39.0,[69.0,69.0])
(30.0,[73.0,57.0])
(8.0,[31.0,73.0])
(39.0,[57.0,81.0])
(5.0,[43.0,71.0])
(35.0,[35.0,56.0])
(3.0,[54.0,0.0])
(30.0,[71.0,47.0])
(38.0,[9.0,87.0])
(2.0,[95.0,90.0])
(5.0,[45.0,71.0])
(30.0,[75.0,64.0])
(14.0,[6.0,32.0])
(24.0,[67.0,90.0])
(24.0,[64.0,89.0])
(30.0,[72.0,52.0])
(36.0,[0.0,0.0])
(25.0,[77.0,23.0])
(18.0,[99.0,67.0])
(4.0,[46.0,24.0])
(1.0,[35.0,22.0])
(17.0,[18.0,68.0])
(29.0,[88.0,5.0])
(15.0,[85.0,99.0])
(35.0,[34.0,56.0])
(0.0,[77.0,76.0])
(20.0,[22.0,85.0])
(9.0,[30.0,77.0])
(17.0,[24.0,57.0])
(26.0,[17.0,18.0])
(31.0,[16.0,81.0])
(22.0,[23.0,46.0])
(32.0,[58.0,44.0])
(20.0,[22.0,85.0])
(5.0,[48.0,66.0])
(21.0,[63.0,35.0])
(14.0,[3.0,29.0])
(0.0,[82.0,68.0])
(2.0,[89.0,81.0])
(8.0,[35.0,68.0])
(27.0,[74.0,28.0])
(34.0,[35.0,99.0])
(34.0,[48.0,94.0])
(8.0,[36.0,66.0])
(33.0,[26.0,17.0])
(15.0,[69.0,99.0])
(5.0,[46.0,68.0])
(22.0,[37.0,45.0])
(7.0,[0.0,72.0])
(23.0,[44.0,49.0])
(9.0,[39.0,74.0])
(6.0,[46.0,38.0])
(25.0,[86.0,27.0])
(3.0,[41.0,6.0])
(37.0,[0.0,41.0])
(26.0,[5.0,15.0])
(23.0,[47.0,57.0])
(37.0,[16.0,48.0])
(9.0,[38.0,79.0])
(9.0,[37.0,83.0])
(21.0,[66.0,40.0])
(9.0,[37.0,76.0])
(38.0,[8.0,93.0])
(5.0,[46.0,65.0])
(39.0,[62.0,80.0])
(14.0,[0.0,23.0])
(38.0,[0.0,99.0])
(30.0,[69.0,63.0])
(30.0,[75.0,54.0])
(27.0,[63.0,21.0])
(24.0,[55.0,92.0])
(38.0,[0.0,90.0])
(30.0,[71.0,64.0])
(9.0,[39.0,79.0])
(38.0,[0.0,88.0])
(23.0,[43.0,51.0])
(18.0,[92.0,67.0])
(24.0,[55.0,99.0])
(32.0,[52.0,48.0])
(27.0,[68.0,27.0])
(28.0,[31.0,8.0])
(6.0,[46.0,32.0])
(30.0,[79.0,54.0])
(32.0,[58.0,51.0])
(33.0,[21.0,5.0])
(19.0,[10.0,57.0])
(5.0,[43.0,67.0])
(9.0,[32.0,84.0])
(5.0,[46.0,68.0])
(5.0,[48.0,64.0])
(22.0,[19.0,47.0])
(37.0,[6.0,40.0])
(26.0,[14.0,11.0])
(25.0,[90.0,17.0])
(32.0,[64.0,55.0])
(35.0,[32.0,54.0])
(38.0,[9.0,87.0])
(21.0,[69.0,42.0])
(0.0,[84.0,76.0])
(3.0,[47.0,4.0])
(12.0,[10.0,4.0])
(39.0,[53.0,75.0])
(0.0,[76.0,67.0])
(22.0,[35.0,35.0])
(5.0,[53.0,71.0])
(7.0,[7.0,72.0])
(39.0,[63.0,72.0])
(23.0,[41.0,47.0])
(27.0,[61.0,17.0])
(30.0,[76.0,61.0])
(37.0,[11.0,50.0])
(35.0,[30.0,58.0])
(26.0,[10.0,15.0])
(20.0,[14.0,94.0])
(35.0,[31.0,60.0])
(39.0,[70.0,68.0])
(39.0,[62.0,66.0])
(26.0,[14.0,16.0])
(14.0,[0.0,28.0])
(24.0,[65.0,85.0])
(34.0,[32.0,99.0])
(9.0,[38.0,79.0])
(16.0,[97.0,0.0])
(6.0,[48.0,42.0])
(16.0,[94.0,2.0])
(2.0,[99.0,88.0])
(39.0,[55.0,75.0])
(11.0,[73.0,2.0])
(34.0,[34.0,88.0])
(13.0,[99.0,31.0])
(17.0,[25.0,68.0])
(6.0,[44.0,45.0])
(32.0,[60.0,46.0])
(5.0,[46.0,71.0])
(35.0,[31.0,62.0])
(26.0,[8.0,20.0])
(5.0,[54.0,67.0])
(23.0,[49.0,60.0])
(24.0,[51.0,99.0])
(6.0,[46.0,36.0])
(8.0,[27.0,72.0])
(1.0,[22.0,36.0])
(16.0,[99.0,13.0])
(15.0,[74.0,88.0])
(27.0,[66.0,27.0])
(10.0,[89.0,39.0])
(37.0,[7.0,40.0])
(14.0,[13.0,28.0])
(38.0,[10.0,96.0])
(27.0,[64.0,23.0])
(34.0,[33.0,88.0])
(18.0,[99.0,69.0])
(4.0,[55.0,15.0])
(4.0,[57.0,14.0])
(6.0,[46.0,41.0])
(17.0,[15.0,61.0])
(9.0,[34.0,81.0])
(21.0,[55.0,30.0])
(22.0,[21.0,40.0])
(21.0,[60.0,37.0])
(20.0,[14.0,99.0])
(19.0,[9.0,55.0])
(29.0,[75.0,5.0])
(37.0,[9.0,39.0])
(32.0,[57.0,49.0])
(7.0,[6.0,72.0])
(10.0,[82.0,39.0])
(2.0,[93.0,85.0])
(15.0,[72.0,99.0])
(23.0,[41.0,51.0])
(30.0,[71.0,54.0])
(34.0,[48.0,99.0])
(6.0,[43.0,42.0])
(14.0,[5.0,30.0])
(8.0,[31.0,74.0])
(35.0,[38.0,56.0])
(10.0,[75.0,33.0])
(5.0,[50.0,75.0])
(9.0,[30.0,84.0])
(38.0,[5.0,87.0])
(18.0,[99.0,51.0])
(4.0,[49.0,21.0])
(34.0,[28.0,99.0])
(7.0,[9.0,78.0])
(39.0,[67.0,75.0])
(6.0,[55.0,37.0])
(37.0,[8.0,37.0])
(16.0,[89.0,5.0])
(12.0,[10.0,3.0])
(38.0,[0.0,99.0])
(5.0,[46.0,69.0])
(3.0,[57.0,0.0])
(12.0,[15.0,6.0])
(2.0,[99.0,99.0])
(7.0,[10.0,84.0])
(17.0,[19.0,57.0])
(21.0,[57.0,38.0])
(21.0,[67.0,32.0])
(16.0,[99.0,1.0])
(31.0,[25.0,77.0])
(38.0,[0.0,94.0])
(35.0,[36.0,62.0])
(32.0,[63.0,52.0])
(5.0,[42.0,64.0])
(17.0,[18.0,63.0])
(13.0,[94.0,42.0])
(15.0,[79.0,85.0])
(16.0,[99.0,13.0])
(11.0,[63.0,5.0])
(18.0,[99.0,47.0])
(3.0,[45.0,5.0])
(6.0,[48.0,33.0])
(25.0,[90.0,22.0])
(28.0,[30.0,0.0])
(38.0,[7.0,87.0])
(23.0,[50.0,60.0])
(36.0,[2.0,0.0])
(5.0,[45.0,71.0])
(4.0,[52.0,17.0])
(12.0,[16.0,9.0])
(19.0,[0.0,49.0])
(28.0,[33.0,0.0])
(39.0,[68.0,76.0])
(16.0,[99.0,0.0])
(24.0,[65.0,84.0])
(28.0,[33.0,6.0])
(27.0,[70.0,24.0])
(18.0,[99.0,55.0])
(11.0,[64.0,7.0])
(19.0,[0.0,47.0])
(1.0,[23.0,28.0])
(19.0,[3.0,64.0])
(32.0,[58.0,46.0])
(6.0,[55.0,39.0])
(16.0,[99.0,0.0])
(6.0,[46.0,42.0])
(4.0,[51.0,28.0])
(14.0,[0.0,33.0])
(30.0,[77.0,54.0])
(6.0,[46.0,41.0])
(24.0,[53.0,82.0])
(3.0,[55.0,0.0])
(23.0,[49.0,59.0])
(18.0,[92.0,53.0])
(30.0,[72.0,51.0])
(39.0,[68.0,79.0])
(3.0,[52.0,11.0])
(2.0,[99.0,99.0])
(1.0,[18.0,29.0])
(25.0,[79.0,23.0])
(11.0,[69.0,6.0])
(37.0,[11.0,39.0])
(2.0,[97.0,74.0])
(18.0,[91.0,62.0])
(38.0,[0.0,92.0])
(13.0,[93.0,38.0])
(34.0,[35.0,93.0])
(33.0,[25.0,12.0])
(29.0,[81.0,10.0])
(22.0,[30.0,44.0])
(23.0,[50.0,49.0])
(14.0,[0.0,17.0])
(17.0,[24.0,67.0])
(20.0,[19.0,86.0])
(6.0,[50.0,32.0])
(2.0,[89.0,85.0])
(28.0,[35.0,0.0])
(23.0,[47.0,47.0])
(23.0,[42.0,49.0])
(35.0,[33.0,54.0])
(30.0,[78.0,63.0])
(20.0,[15.0,89.0])
(13.0,[94.0,28.0])
(10.0,[77.0,39.0])
(18.0,[99.0,71.0])
(37.0,[17.0,45.0])
(37.0,[15.0,44.0])
(10.0,[91.0,43.0])
(29.0,[75.0,8.0])
(39.0,[58.0,67.0])
(25.0,[85.0,13.0])
(37.0,[5.0,37.0])
(15.0,[76.0,99.0])
(19.0,[9.0,50.0])
(30.0,[72.0,48.0])
(21.0,[70.0,33.0])
(6.0,[43.0,44.0])
(12.0,[15.0,3.0])
(29.0,[80.0,0.0])
(35.0,[34.0,51.0])
(23.0,[44.0,59.0])
(9.0,[31.0,82.0])
(4.0,[57.0,26.0])
(30.0,[69.0,56.0])
(6.0,[45.0,36.0])
(11.0,[73.0,11.0])
(15.0,[75.0,87.0])
(32.0,[53.0,57.0])
(9.0,[35.0,78.0])
(5.0,[45.0,68.0])
(34.0,[38.0,99.0])
(35.0,[25.0,56.0])
(35.0,[30.0,53.0])
(20.0,[25.0,86.0])
(25.0,[88.0,10.0])
(3.0,[54.0,11.0])
(32.0,[55.0,49.0])
(9.0,[32.0,79.0])
(10.0,[90.0,43.0])
(8.0,[31.0,68.0])
(5.0,[51.0,69.0])
(24.0,[63.0,99.0])
(2.0,[99.0,96.0])
(32.0,[64.0,45.0])
(24.0,[55.0,89.0])
(35.0,[31.0,54.0])
(2.0,[99.0,78.0])
(30.0,[77.0,63.0])
(30.0,[67.0,60.0])
(38.0,[6.0,94.0])
(3.0,[50.0,9.0])
(29.0,[78.0,0.0])
(22.0,[25.0,37.0])
(12.0,[21.0,0.0])
(33.0,[22.0,9.0])
(5.0,[42.0,67.0])
(25.0,[84.0,12.0])
(9.0,[50.0,80.0])
(25.0,[92.0,17.0])
(33.0,[22.0,14.0])
(20.0,[13.0,91.0])
(15.0,[78.0,85.0])
(16.0,[91.0,10.0])
(8.0,[36.0,63.0])
(19.0,[8.0,55.0])
(22.0,[32.0,47.0])
(15.0,[83.0,99.0])
(8.0,[38.0,65.0])
(19.0,[6.0,63.0])
(39.0,[53.0,77.0])
(8.0,[36.0,71.0])
(18.0,[99.0,51.0])
(33.0,[24.0,11.0])
(22.0,[37.0,45.0])
(0.0,[79.0,73.0])
(6.0,[42.0,44.0])
(20.0,[12.0,90.0])
(38.0,[4.0,89.0])
(27.0,[71.0,20.0])
(22.0,[35.0,43.0])
(18.0,[86.0,51.0])
(36.0,[0.0,13.0])
(31.0,[22.0,77.0])
(36.0,[2.0,0.0])
(1.0,[24.0,21.0])
(30.0,[80.0,56.0])
(7.0,[2.0,76.0])
(8.0,[33.0,65.0])
(0.0,[81.0,68.0])
(39.0,[56.0,77.0])
(37.0,[18.0,45.0])
(4.0,[45.0,14.0])
(34.0,[39.0,94.0])
(34.0,[33.0,90.0])
(10.0,[81.0,30.0])
(16.0,[99.0,2.0])
(0.0,[74.0,72.0])
(11.0,[73.0,9.0])
(8.0,[27.0,69.0])
(9.0,[39.0,79.0])
(28.0,[33.0,11.0])
(7.0,[0.0,72.0])
(39.0,[52.0,80.0])
(36.0,[0.0,0.0])
(31.0,[16.0,82.0])
(5.0,[50.0,76.0])
(1.0,[35.0,22.0])
(17.0,[19.0,67.0])
(5.0,[42.0,67.0])
(35.0,[35.0,54.0])
(24.0,[60.0,90.0])
(4.0,[51.0,28.0])
(17.0,[20.0,61.0])
(18.0,[92.0,66.0])
(18.0,[91.0,60.0])
(39.0,[59.0,73.0])
(24.0,[64.0,99.0])
(37.0,[17.0,48.0])
(2.0,[96.0,73.0])
(3.0,[49.0,1.0])
(27.0,[72.0,23.0])
(7.0,[2.0,80.0])
(29.0,[87.0,2.0])
(38.0,[0.0,99.0])
(29.0,[77.0,9.0])
(35.0,[31.0,55.0])
(38.0,[1.0,91.0])
(33.0,[22.0,16.0])
(26.0,[7.0,14.0])
(27.0,[70.0,22.0])
(36.0,[0.0,0.0])
(23.0,[42.0,45.0])
(15.0,[75.0,90.0])
(5.0,[41.0,66.0])
(9.0,[36.0,85.0])
(0.0,[84.0,73.0])
(7.0,[6.0,78.0])
(2.0,[92.0,81.0])
(24.0,[54.0,82.0])
(7.0,[10.0,77.0])
(6.0,[47.0,38.0])
(38.0,[0.0,87.0])
(21.0,[63.0,32.0])
(9.0,[49.0,83.0])
(39.0,[61.0,68.0])
(19.0,[0.0,59.0])
(21.0,[59.0,42.0])
(4.0,[54.0,17.0])
(25.0,[83.0,13.0])
(15.0,[71.0,96.0])
(18.0,[90.0,56.0])
(32.0,[65.0,46.0])
(28.0,[31.0,0.0])
(11.0,[69.0,0.0])
(37.0,[16.0,45.0])
(25.0,[78.0,21.0])
(0.0,[80.0,64.0])
(5.0,[50.0,76.0])
(22.0,[27.0,45.0])
(11.0,[74.0,8.0])
(15.0,[87.0,95.0])
(35.0,[38.0,63.0])
(15.0,[74.0,94.0])
(10.0,[84.0,41.0])
(32.0,[55.0,56.0])
(31.0,[21.0,77.0])
(17.0,[20.0,66.0])
(36.0,[0.0,0.0])
(30.0,[76.0,59.0])
(34.0,[33.0,97.0])
(6.0,[47.0,42.0])
(13.0,[97.0,29.0])
(5.0,[49.0,76.0])
(22.0,[22.0,49.0])
(7.0,[0.0,69.0])
(7.0,[8.0,76.0])
(25.0,[90.0,18.0])
(7.0,[0.0,84.0])
(25.0,[87.0,14.0])
(35.0,[37.0,58.0])
(23.0,[50.0,50.0])
(3.0,[42.0,9.0])
(9.0,[40.0,76.0])
(17.0,[19.0,55.0])
(32.0,[58.0,55.0])
(34.0,[32.0,90.0])
(18.0,[96.0,49.0])
(0.0,[89.0,72.0])
(7.0,[8.0,70.0])
(22.0,[34.0,41.0])
(34.0,[35.0,89.0])
(34.0,[33.0,95.0])
(22.0,[34.0,42.0])
(36.0,[0.0,0.0])
(26.0,[6.0,16.0])
(9.0,[50.0,80.0])
(39.0,[54.0,70.0])
(23.0,[41.0,59.0])
(30.0,[74.0,61.0])
(10.0,[80.0,43.0])
(18.0,[91.0,67.0])
(39.0,[53.0,80.0])
(25.0,[76.0,18.0])
(37.0,[18.0,41.0])
(31.0,[15.0,84.0])
(7.0,[0.0,68.0])
(17.0,[21.0,70.0])
(22.0,[34.0,42.0])
(11.0,[73.0,12.0])
(7.0,[0.0,73.0])
(33.0,[31.0,11.0])
(39.0,[60.0,72.0])
(9.0,[36.0,82.0])
(0.0,[81.0,79.0])
(0.0,[84.0,72.0])
(25.0,[85.0,14.0])
(3.0,[47.0,0.0])
(28.0,[36.0,9.0])
(25.0,[89.0,15.0])
(39.0,[60.0,79.0])
(25.0,[86.0,12.0])
(39.0,[65.0,73.0])
(1.0,[22.0,22.0])
(34.0,[35.0,91.0])
(0.0,[73.0,71.0])
(13.0,[99.0,19.0])
(12.0,[20.0,0.0])
(1.0,[31.0,32.0])
(6.0,[52.0,37.0])
(8.0,[27.0,67.0])
(20.0,[15.0,93.0])
(7.0,[0.0,81.0])
(9.0,[41.0,75.0])
(39.0,[61.0,68.0])
(10.0,[74.0,43.0])
(12.0,[13.0,2.0])
(33.0,[20.0,10.0])
(18.0,[93.0,66.0])
(29.0,[75.0,9.0])
(2.0,[89.0,85.0])
(5.0,[48.0,61.0])
(15.0,[77.0,84.0])
(25.0,[88.0,14.0])
(21.0,[66.0,37.0])
(20.0,[17.0,93.0])
(18.0,[98.0,61.0])
(16.0,[99.0,0.0])
(36.0,[0.0,14.0])
(8.0,[38.0,66.0])
(39.0,[61.0,75.0])
(21.0,[61.0,32.0])
(11.0,[66.0,9.0])
(13.0,[99.0,23.0])
(10.0,[75.0,41.0])
(31.0,[19.0,84.0])
(29.0,[82.0,8.0])
(23.0,[40.0,55.0])
(39.0,[55.0,76.0])
(1.0,[35.0,22.0])
(10.0,[84.0,42.0])
(35.0,[34.0,60.0])
(22.0,[31.0,37.0])
(15.0,[80.0,88.0])
(27.0,[71.0,15.0])
(38.0,[7.0,99.0])
(21.0,[71.0,32.0])
(15.0,[85.0,92.0])
(7.0,[9.0,82.0])
(5.0,[45.0,67.0])
(37.0,[0.0,36.0])
(39.0,[55.0,68.0])
(13.0,[91.0,23.0])
(10.0,[81.0,39.0])
(10.0,[82.0,28.0])
(19.0,[10.0,54.0])
(19.0,[9.0,56.0])
(32.0,[57.0,51.0])
(11.0,[60.0,9.0])
(31.0,[18.0,74.0])
(5.0,[46.0,68.0])
(38.0,[7.0,99.0])
(3.0,[58.0,0.0])
(3.0,[42.0,2.0])
(15.0,[83.0,87.0])
(20.0,[14.0,93.0])
(16.0,[94.0,3.0])
(8.0,[38.0,66.0])
(11.0,[72.0,3.0])
(33.0,[28.0,9.0])
(5.0,[44.0,68.0])
(8.0,[31.0,73.0])
(34.0,[32.0,97.0])
(11.0,[74.0,12.0])
(15.0,[82.0,90.0])
(21.0,[59.0,39.0])
(11.0,[72.0,6.0])
(21.0,[56.0,34.0])
(31.0,[19.0,71.0])
(10.0,[81.0,30.0])
(0.0,[81.0,72.0])
(16.0,[92.0,0.0])
(9.0,[36.0,87.0])
(23.0,[43.0,53.0])
(6.0,[44.0,44.0])
(10.0,[77.0,42.0])
(14.0,[0.0,26.0])
(5.0,[48.0,62.0])
(31.0,[16.0,76.0])
(23.0,[42.0,54.0])
(39.0,[59.0,76.0])
(2.0,[99.0,83.0])
(39.0,[52.0,77.0])
(26.0,[10.0,18.0])
(4.0,[48.0,22.0])
(21.0,[59.0,33.0])
(35.0,[36.0,58.0])
(3.0,[55.0,0.0])
(18.0,[99.0,48.0])
(18.0,[93.0,52.0])
(5.0,[52.0,71.0])
(10.0,[79.0,30.0])
(38.0,[8.0,87.0])
(6.0,[50.0,42.0])
(10.0,[80.0,29.0])
(19.0,[0.0,48.0])
(20.0,[19.0,96.0])
(35.0,[37.0,51.0])
(8.0,[28.0,63.0])
(22.0,[31.0,48.0])
(21.0,[62.0,30.0])
(23.0,[43.0,50.0])
(25.0,[90.0,14.0])
(29.0,[76.0,6.0])
(25.0,[93.0,14.0])
(21.0,[70.0,35.0])
(6.0,[54.0,42.0])
(32.0,[59.0,43.0])
(6.0,[37.0,35.0])
(15.0,[85.0,92.0])
(5.0,[51.0,61.0])
(24.0,[64.0,84.0])
(24.0,[52.0,84.0])
(6.0,[46.0,42.0])
(30.0,[71.0,64.0])
(8.0,[30.0,70.0])
(1.0,[22.0,30.0])
(39.0,[60.0,78.0])
(35.0,[35.0,50.0])
(33.0,[22.0,6.0])
(21.0,[60.0,38.0])
(20.0,[23.0,88.0])
(25.0,[86.0,24.0])
(25.0,[92.0,14.0])
(38.0,[0.0,95.0])
(15.0,[82.0,96.0])
(15.0,[79.0,87.0])
(10.0,[84.0,31.0])
(33.0,[25.0,10.0])
(24.0,[55.0,82.0])
(5.0,[44.0,62.0])
(13.0,[99.0,39.0])
(16.0,[97.0,0.0])
(19.0,[0.0,60.0])
(1.0,[29.0,35.0])
(13.0,[99.0,26.0])
(22.0,[32.0,38.0])
(15.0,[76.0,92.0])
(24.0,[63.0,88.0])
(23.0,[44.0,49.0])
(29.0,[78.0,0.0])
(23.0,[51.0,51.0])
(14.0,[11.0,27.0])
(37.0,[0.0,38.0])
(24.0,[62.0,82.0])
(1.0,[35.0,22.0])
(38.0,[0.0,99.0])
(0.0,[78.0,76.0])
(34.0,[34.0,91.0])
(8.0,[28.0,68.0])
(5.0,[54.0,62.0])
(19.0,[7.0,55.0])
(3.0,[46.0,0.0])
(7.0,[7.0,76.0])
(5.0,[42.0,71.0])
(29.0,[75.0,11.0])
(33.0,[24.0,18.0])
(37.0,[7.0,37.0])
(12.0,[10.0,8.0])
(33.0,[26.0,13.0])
(2.0,[99.0,84.0])
(24.0,[63.0,86.0])
(17.0,[24.0,67.0])
(38.0,[7.0,99.0])
(29.0,[82.0,0.0])
(20.0,[13.0,92.0])
(13.0,[89.0,29.0])
(28.0,[39.0,9.0])
(31.0,[17.0,80.0])
(37.0,[15.0,31.0])
(34.0,[50.0,99.0])
(0.0,[83.0,74.0])
(15.0,[84.0,83.0])
(39.0,[69.0,77.0])
(0.0,[86.0,68.0])
(11.0,[73.0,8.0])
(7.0,[2.0,72.0])
(30.0,[82.0,53.0])
(9.0,[30.0,79.0])
(3.0,[44.0,1.0])
(23.0,[42.0,50.0])
(14.0,[0.0,25.0])
(30.0,[70.0,64.0])
(6.0,[46.0,45.0])
(38.0,[7.0,88.0])
(6.0,[45.0,31.0])
(10.0,[84.0,38.0])
(11.0,[73.0,12.0])
(5.0,[48.0,65.0])
(14.0,[6.0,33.0])
(19.0,[8.0,57.0])
(35.0,[33.0,62.0])
(17.0,[14.0,56.0])
(37.0,[15.0,46.0])
(13.0,[99.0,25.0])
(33.0,[22.0,15.0])
(18.0,[99.0,52.0])
(32.0,[53.0,50.0])
(27.0,[64.0,25.0])
(34.0,[49.0,93.0])
(19.0,[10.0,58.0])
(20.0,[25.0,99.0])
(0.0,[81.0,73.0])
(35.0,[33.0,56.0])
(17.0,[18.0,64.0])
(13.0,[91.0,29.0])
(0.0,[88.0,68.0])
(27.0,[63.0,25.0])
(11.0,[70.0,0.0])
(5.0,[45.0,67.0])
(22.0,[30.0,45.0])
(32.0,[66.0,46.0])
(35.0,[35.0,56.0])
(15.0,[81.0,99.0])
(28.0,[25.0,0.0])
(29.0,[88.0,5.0])
(14.0,[9.0,29.0])
(22.0,[22.0,46.0])
(35.0,[33.0,51.0])
(36.0,[0.0,11.0])
(32.0,[57.0,49.0])
(3.0,[53.0,5.0])
(9.0,[41.0,74.0])
(13.0,[97.0,22.0])
(38.0,[5.0,99.0])
(32.0,[52.0,47.0])
(21.0,[66.0,31.0])
(8.0,[26.0,70.0])
(23.0,[43.0,51.0])
(16.0,[90.0,0.0])
(6.0,[46.0,31.0])
(21.0,[57.0,37.0])
(17.0,[19.0,65.0])
(28.0,[34.0,0.0])
(5.0,[46.0,71.0])
(5.0,[42.0,73.0])
(28.0,[29.0,3.0])
(11.0,[64.0,0.0])
(5.0,[47.0,65.0])
(2.0,[91.0,99.0])
(23.0,[44.0,56.0])
(37.0,[2.0,45.0])
(28.0,[35.0,8.0])
(32.0,[59.0,45.0])
(14.0,[0.0,33.0])
(0.0,[77.0,78.0])
(10.0,[73.0,36.0])
(17.0,[20.0,52.0])
(11.0,[69.0,11.0])
(0.0,[72.0,76.0])
(15.0,[76.0,99.0])
(30.0,[73.0,59.0])
(12.0,[14.0,8.0])
(9.0,[44.0,77.0])
(5.0,[44.0,69.0])
(5.0,[46.0,69.0])
(28.0,[33.0,9.0])
(4.0,[53.0,14.0])
(7.0,[3.0,76.0])
(5.0,[43.0,73.0])
(1.0,[21.0,22.0])
(4.0,[55.0,12.0])
(0.0,[81.0,81.0])
(7.0,[0.0,71.0])
(37.0,[17.0,44.0])
(30.0,[82.0,52.0])
(9.0,[38.0,82.0])
(15.0,[84.0,83.0])
(17.0,[16.0,65.0])
(0.0,[73.0,72.0])
(3.0,[48.0,8.0])
(9.0,[39.0,77.0])
(11.0,[67.0,9.0])
(14.0,[4.0,27.0])
(25.0,[80.0,17.0])
(5.0,[44.0,69.0])
(25.0,[94.0,18.0])
(32.0,[55.0,56.0])
(21.0,[62.0,42.0])
(32.0,[63.0,56.0])
(5.0,[43.0,70.0])
(7.0,[0.0,69.0])
(35.0,[34.0,59.0])
(38.0,[6.0,86.0])
(10.0,[79.0,27.0])
(4.0,[52.0,19.0])
(15.0,[75.0,83.0])
(29.0,[80.0,0.0])
(12.0,[8.0,4.0])
(36.0,[0.0,11.0])
(8.0,[29.0,70.0])
(17.0,[21.0,61.0])
(24.0,[51.0,98.0])
(0.0,[86.0,69.0])
(35.0,[39.0,61.0])
(36.0,[0.0,0.0])
(0.0,[93.0,72.0])
(37.0,[5.0,34.0])
(20.0,[23.0,86.0])
(7.0,[2.0,80.0])
(9.0,[31.0,80.0])
(23.0,[41.0,56.0])
(12.0,[10.0,10.0])
(6.0,[52.0,31.0])
(18.0,[96.0,52.0])
(23.0,[44.0,54.0])
(24.0,[59.0,92.0])
(11.0,[63.0,11.0])
(18.0,[89.0,57.0])
(23.0,[49.0,59.0])
(25.0,[96.0,17.0])
(35.0,[35.0,50.0])
(26.0,[11.0,11.0])
(16.0,[99.0,10.0])
(39.0,[71.0,79.0])
(7.0,[0.0,69.0])
(25.0,[79.0,15.0])
(37.0,[0.0,40.0])
(38.0,[0.0,86.0])
(2.0,[97.0,80.0])
(10.0,[89.0,35.0])
(2.0,[99.0,82.0])
(23.0,[47.0,50.0])
(8.0,[37.0,72.0])
(5.0,[48.0,62.0])
(20.0,[25.0,97.0])
(21.0,[56.0,33.0])
(31.0,[14.0,83.0])
(32.0,[64.0,60.0])
(37.0,[17.0,44.0])
(30.0,[69.0,50.0])
(28.0,[34.0,5.0])
(22.0,[27.0,50.0])
(22.0,[34.0,36.0])
(37.0,[1.0,44.0])
(16.0,[99.0,7.0])
(10.0,[88.0,32.0])
(10.0,[82.0,40.0])
(35.0,[32.0,56.0])
(17.0,[24.0,66.0])
(5.0,[50.0,78.0])
(30.0,[69.0,55.0])
(33.0,[27.0,15.0])
(32.0,[60.0,59.0])
(23.0,[44.0,54.0])
(39.0,[62.0,63.0])
(4.0,[49.0,13.0])
(6.0,[54.0,33.0])
(26.0,[18.0,14.0])
(26.0,[10.0,15.0])
(20.0,[26.0,91.0])
(3.0,[47.0,12.0])
(8.0,[37.0,70.0])
(9.0,[40.0,77.0])
(18.0,[98.0,44.0])
(32.0,[59.0,44.0])
(31.0,[19.0,79.0])
(35.0,[34.0,59.0])
(28.0,[27.0,0.0])
(11.0,[65.0,0.0])
(18.0,[95.0,62.0])
(24.0,[55.0,92.0])
(33.0,[25.0,17.0])
(14.0,[0.0,18.0])
(24.0,[65.0,99.0])
(3.0,[48.0,8.0])
(36.0,[3.0,11.0])
(27.0,[62.0,16.0])
(8.0,[27.0,67.0])
(0.0,[71.0,72.0])
(21.0,[64.0,36.0])
(8.0,[27.0,72.0])
(37.0,[8.0,38.0])
(13.0,[99.0,26.0])
(0.0,[78.0,75.0])
(16.0,[98.0,0.0])
(2.0,[98.0,99.0])
(17.0,[20.0,69.0])
(5.0,[45.0,65.0])
(6.0,[49.0,41.0])
(37.0,[16.0,39.0])
(38.0,[0.0,85.0])
(10.0,[80.0,44.0])
(25.0,[86.0,26.0])
(18.0,[86.0,49.0])
(2.0,[91.0,85.0])
(7.0,[1.0,77.0])
(5.0,[48.0,70.0])
(4.0,[46.0,15.0])
(23.0,[43.0,55.0])
(39.0,[54.0,72.0])
(18.0,[90.0,61.0])
(16.0,[99.0,14.0])
(30.0,[78.0,54.0])
(37.0,[6.0,38.0])
(31.0,[16.0,83.0])
(3.0,[45.0,0.0])
(33.0,[21.0,16.0])
(14.0,[0.0,26.0])
(6.0,[42.0,37.0])
(2.0,[99.0,72.0])
(21.0,[65.0,40.0])
(6.0,[49.0,35.0])
(18.0,[95.0,65.0])
(39.0,[59.0,79.0])
(27.0,[64.0,21.0])
(18.0,[99.0,53.0])
